0.09602212905883789
0.08001923561096191
0.07701611518859863
0.08301830291748047
0.05401277542114258
0.06301379203796387
0.10102272033691406
0.05601310729980469
0.04601120948791504
0.06401348114013672
0.06601524353027344
0.10602355003356934
0.05401325225830078
0.06652307510375977
0.0690145492553711
0.056014299392700195
0.05601191520690918
0.061014652252197266
0.09102034568786621
0.050011396408081055
0.059012651443481445
0.05201220512390137
0.057012081146240234
0.05701279640197754
0.055013179779052734
0.07601714134216309
0.07901692390441895
0.06801509857177734
0.06501483917236328
0.06801939010620117
0.049007415771484375
0.10202240943908691
0.05201315879821777
0.05001068115234375
0.05001068115234375
0.08602738380432129
0.041001081466674805
0.07101678848266602
0.06101274490356445
0.05101156234741211
0.058013916015625
0.052011728286743164
0.07201814651489258
0.05901050567626953
0.06101560592651367
0.052010536193847656
0.08601856231689453
0.07501649856567383
0.08101916313171387
0.07401633262634277
